0 9
1 10
2 11
3 12
4 13
5 14
6 15
7 16
17 26
18 27
19 28
20 29
21 30
22 31
23 32
24 33
34 43
35 44
36 45
37 46
38 47
39 48
40 49
41 50
51 60
52 61
53 62
54 63
55 64
56 65
57 66
58 67
68 77
69 78
70 79
71 80
72 81
73 82
74 83
75 84
85 94
86 95
87 96
88 97
89 98
90 99
91 100
92 101
1 9
2 10
3 11
4 12
5 13
6 14
7 15
8 16
18 26
19 27
20 28
21 29
22 30
23 31
24 32
25 33
35 43
36 44
37 45
38 46
39 47
40 48
41 49
42 50
52 60
53 61
54 62
55 63
56 64
57 65
58 66
59 67
69 77
70 78
71 79
72 80
73 81
74 82
75 83
76 84
86 94
87 95
88 96
89 97
90 98
91 99
92 100
93 101
9 18
10 19
11 20
12 21
13 22
14 23
15 24
16 25
26 35
27 36
28 37
29 38
30 39
31 40
32 41
33 42
43 52
44 53
45 54
46 55
47 56
48 57
49 58
50 59
60 69
61 70
62 71
63 72
64 73
65 74
66 75
67 76
77 86
78 87
79 88
80 89
81 90
82 91
83 92
84 93
94 103
95 104
96 105
97 106
98 107
99 108
100 109
101 110
9 17
10 18
11 19
12 20
13 21
14 22
15 23
16 24
26 34
27 35
28 36
29 37
30 38
31 39
32 40
33 41
43 51
44 52
45 53
46 54
47 55
48 56
49 57
50 58
60 68
61 69
62 70
63 71
64 72
65 73
66 74
67 75
77 85
78 86
79 87
80 88
81 89
82 90
83 91
84 92
94 102
95 103
96 104
97 105
98 106
99 107
100 108
101 109
