1 3
1 5
1 0
3 4
5 6
2 4
2 6
2 0
15 3
17 5
13 6
11 4
9 15
16 15
18 17
17 10
9 11
12 11
14 13
10 13
7 16
7 18
7 19
40 19
35 19
40 43
35 43
43 55
43 58
8 12
8 14
20 8
20 25
20 30
25 44
30 44
54 38
53 55
54 53
42 39
42 40
39 15
41 39
39 40
41 38
41 53
42 53
38 23
54 48
48 47
47 49
49 44
23 24
24 25
11 24
21 23
21 38
23 26
24 26
24 27
25 27
26 47
27 47
39 38
48 23
21 54
21 48
45 54
45 48
59 45
63 47
61 53
35 34
34 33
33 28
28 29
29 30
17 34
34 36
34 37
35 37
34 36
33 36
58 56
56 57
33 22
28 22
22 57
22 51
37 56
36 56
33 57
28 51
29 31
28 31
30 32
29 32
57 51
57 46
51 46
46 60
44 52
52 50
50 51
32 50
31 50
13 29
64 50
62 56