500 500

500 400
500 600
450 450
450 550
550 450
550 550

500 300
500 700
400 500
600 500
420 570
460 650
580 570
540 650
420 430
460 350
580 430
540 350

500 200
500 800
300 500
700 500
350 550
400 650
450 750
350 650
400 750
650 550
600 650
550 750
650 650
600 750
650 450
600 350
550 250
650 350
600 250
350 450
400 350
450 250
350 350
400 250

500 100
500 900
200 500
800 500
300 800
250 600
400 850
700 800
750 600
600 850
300 200
250 400
400 150
700 200
750 400
600 150

100 500
900 500
100 100
900 100
100 900
900 900