625.9737112447538 562.4074320516901
345.7955285324954 728.8546818725839
473.61828061850196 212.74994555522844
402.56368980886566 427.821376620687
369.39162585162967 184.38958940032467
387.37854098062496 438.9352910711174
756.6220303822528 347.75396713906514
695.1168958187928 891.5900414630044
419.9282254226752 663.729751683235
773.9540989053567 462.40955408813204
321.79749069491356 811.7929383816762
707.9271024268468 627.1931434665746
681.1809505281117 547.7867298031445
488.63792431105975 590.294646627151
264.6246716048614 876.2955427393828
790.069671107889 680.0453334836842
200.76604525001628 133.79415906929378
435.02025529243645 249.15275928818696
211.29828777515522 400.65848788297853
604.4638536958712 325.1538661691802
177.79618712895856 287.31639875659926
667.4397235999861 237.90606280837596
548.7112223185293 385.1168574560881
280.41429293019314 169.09607220095725
298.82201517386477 823.205637879143
657.3591164356274 307.0711556657015
529.705053988603 857.8884152386353
243.8282788816823 574.2788930035634
452.24637963236574 758.9891429653991
232.29857960745505 646.5384172474284
189.4595473287936 485.6018613547568
507.8335027091696 276.87326380493323
725.4280654350979 844.3307119232409
583.2546292350073 227.11619002313455
562.5680173766084 510.818131074855
644.1087425068954 368.7635555982846
614.7884918603343 410.9311658723503
164.72707083476772 612.5939636342755
737.3817647348833 147.60748461895778
356.88805311517774 522.3551206200616
517.9116032020655 537.377899454598
310.449611338747 800.7125412032948
150.0844609038929 740.3507072397573
334.8043161588558 198.92812187407435
254.30332590506413 474.63644565629284
594.0881348453747 265.1210652300581
462.78824985544884 337.4726258871215
221.3932274227517 717.8322787894314
572.6977674104 452.1673294874279
