0 40
0 47
1 11
1 23
2 41
2 28
4 29
4 44
5 25
5 11
6 18
6 45
7 38
8 29
8 46
9 43
9 24
10 44
10 20
11 46
11 23
12 28
12 34
13 40
13 35
14 27
14 32
15 28
15 34
16 31
16 22
17 26
17 14
18 0
18 6
19 25
19 46
20 29
20 10
21 33
21 17
22 37
22 13
23 46
23 1
24 25
24 9
25 5
25 19
26 32
26 17
27 26
27 17
28 15
28 41
29 20
29 4
31 16
31 36
32 14
32 42
33 14
33 17
34 28
34 15
35 16
35 31
36 31
37 22
37 13
38 39
38 7
39 44
39 10
40 47
40 13
41 47
41 2
42 32
43 9
43 24
44 39
44 4
45 18
45 6
46 19
46 5
47 40
47 44
42 30
30 7
43 48
48 3
3 12
12 36
31 6
27 5
