602.7049706386101 343.188681261296
297.45344481673203 550.0255198846552
617.654830360616 450.0230388970796
787.49672895 654.1671960961934
462.6057359648346 425.8516641914374
373.0657104980651 688.6587717595525
435.07195904175586 166.54875935546332
268.619624794775 256.8523697950442
495.50839299719496 534.8255179355556
562.3606230583587 782.5567993806759
385.1626261545042 298.0453200855854
340.91413015273906 612.1613766065004
763.7040118325217 511.4326071897825
713.1009526241878 315.35518500927526
228.40863289371043 764.5458243953299
585.053958925477 577.0305109985261
697.5225844531673 184.89209089930225
212.2131357980516 810.5549244946088
511.91037505628765 243.98852243288374
483.5333002293514 639.9671491279759
355.91213312694686 396.32644696150925
151.74724197330846 890.9094270405997
738.4720241800464 281.9559717331331
317.402341700154 560.2000534813296
540.4540690918334 795.3742774765465
447.3177983903478 707.7502728225294
257.85962473452 729.1783916399667
280.909675897891 753.0825916615368
664.9945461989839 524.5989408945941
417.51999508574414 495.20049489401976
166.4075325697684 328.1865355370851
726.9357493040536 132.57253173023165
179.8319009314109 674.5789810044978
246.70547655736732 853.2226316440533
683.3732427906259 482.64918668380466
653.4771329383728 224.9985279224466
799.2969638823184 151.68057715559843
749.548530484499 356.63697254579944
328.24625744772936 211.23700073777252
396.8523607373316 270.58267901747905
640.0595118410042 379.5666979380065
629.3532749228665 469.01568952903875
196.10007466381273 623.0520579523313
573.9162429851326 876.4026832076354
473.3185827131072 368.4909163022164
525.2844092083897 200.27966051389956
406.86417827208925 597.0174790963529
550.8337464288643 409.09744295338743
775.5256608933444 832.6137433614874
