150 120
150 220
150 320
150 420
150 520
150 620
150 720
150 820
150 920
200 170
200 270
200 370
200 470
200 570
200 670
200 770
200 870
250 120
250 220
250 320
250 420
250 520
250 620
250 720
250 820
250 920
300 170
300 270
300 370
300 470
300 570
300 670
300 770
300 870
350 120
350 220
350 320
350 420
350 520
350 620
350 720
350 820
350 920
400 170
400 270
400 370
400 470
400 570
400 670
400 770
400 870
450 120
450 220
450 320
450 420
450 520
450 620
450 720
450 820
450 920
500 170
500 270
500 370
500 470
500 570
500 670
500 770
500 870
550 120
550 220
550 320
550 420
550 520
550 620
550 720
550 820
550 920
600 170
600 270
600 370
600 470
600 570
600 670
600 770
600 870
650 120
650 220
650 320
650 420
650 520
650 620
650 720
650 820
650 920
700 170
700 270
700 370
700 470
700 570
700 670
700 770
700 870
750 120
750 220
750 320
750 420
750 520
750 620
750 720
750 820
750 920
