422.68060062665865 221.13547024212122
435.5242872296269 695.5642151416583
281.66653621220325 362.7026090937849
512.7849578878336 818.9204508017473
391.76894024633975 852.8392948068891
355.32208836626717 721.9747329114375
229.49138011016112 462.42986753596125
452.99097253725256 482.5893536630354
472.6437324575396 535.0704477453746
380.8791363247069 881.1058068410551
709.7160163956512 795.7486409957792
797.3076905383588 256.5992300112362
254.18056348470213 604.3640193290992
691.5962048750754 547.3074529741766
199.1238196682368 166.64771341023868
567.2584545272606 333.1382617045414
406.33556912447517 246.25687078270442
765.1318381231589 869.6403821766963
150.4628498306264 778.7778379732542
167.91085537404052 129.36405168379082
672.6557271886355 757.3726033009106
577.8311763231405 178.63418062245137
648.7488863723972 399.3197616711269
601.3157723293848 899.3728107969112
783.3713876156677 663.7421503558942
244.08334145108216 501.8248457688441
618.9980630955254 746.8544924530781
752.7487953743182 345.31045055993457
733.1183780046348 415.74251252320636
300.0350380360543 201.2430368491199
323.34663439472996 155.4816839307666
634.9589941054855 576.0101431667056
588.8511273489587 524.7738177584105
341.71885885039444 808.7333795219307
310.2194047342367 292.57627570215755
553.1757178851087 430.3536296355104
533.7947280015308 767.7184814045262
211.6503202360037 830.3188209407958
721.2117154838313 142.72192347429174
483.4451816487877 440.5565597024973
267.48348212236806 562.0867638381883
188.65402196603776 231.27435376670672
497.151867019283 307.10346531315076
366.69767176084486 514.2680862716489
662.4948282206796 280.42117708058714
178.21597897051063 387.385190386807
523.7005743727387 320.7338143149775
